TileID	first_line	last_line	first_column	last_column	lats	lons
TILE_0002	1000	1499	0	499	[-22.96368217          nan          nan          nan]	[ 119.93360138           nan           nan           nan]
TILE_0003	1500	1999	0	499	[-11.0240531  -22.91195011          nan          nan]	[ 113.40774918  119.88871002           nan           nan]
TILE_0004	2000	2499	0	499	[ -0.02174321 -10.97896433          nan          nan]	[ 111.78775406  113.39401627           nan           nan]
TILE_0005	2500	2999	0	499	[ 10.97896433   0.02174321          nan          nan]	[ 113.39401627  111.78775406           nan           nan]
TILE_0006	3000	3499	0	499	[ 22.91195011  11.0240531           nan          nan]	[ 119.88871002  113.40774918           nan           nan]
TILE_0007	3500	3999	0	499	[         nan  22.96368217          nan          nan]	[          nan  119.93360138           nan           nan]
TILE_0011	500	999	500	999	[-35.13127518          nan          nan          nan]	[ 107.09191513           nan           nan           nan]
TILE_0012	1000	1499	500	999	[-21.92885876 -35.07124138          nan -22.95700169]	[  99.72346497  107.04276276           nan  119.81772995]
TILE_0013	1500	1999	500	999	[-10.63207865 -21.881073   -22.90531063 -11.02182007]	[  96.89321518   99.7061882   119.77319717  113.32457352]
TILE_0014	2000	2499	500	999	[ -0.0210164  -10.58879662 -10.97674465  -0.02173815]	[  96.09794998   96.88662338  113.31090927  111.71061707]
TILE_0015	2500	2999	500	999	[ 10.58879662   0.0210164    0.02173815  10.97674465]	[  96.88662338   96.09794998  111.71061707  113.31090927]
TILE_0016	3000	3499	500	999	[ 21.881073    10.63207865  11.02182007  22.90531063]	[  99.7061882    96.89321518  113.32457352  119.77319717]
TILE_0017	3500	3999	500	999	[ 35.07124138  21.92885876  22.95700169          nan]	[ 107.04276276   99.72346497  119.81772995           nan]
TILE_0018	4000	4499	500	999	[         nan  35.13127518          nan          nan]	[          nan  107.09191513           nan           nan]
TILE_0020	0	499	1000	1499	[-51.0498085         nan         nan         nan]	[ 100.66682053           nan           nan           nan]
TILE_0021	500	999	1000	1499	[-34.00689316 -50.95992851          nan -35.12469101]	[  89.44300079  100.569767             nan  107.00468445]
TILE_0022	1000	1499	1000	1499	[-21.42584133 -33.9510994  -35.06469345 -21.92615032]	[  85.89344025   89.42135239  106.95578384   99.66087341]
TILE_0023	1500	1999	1000	1499	[-10.42050123 -21.37957382 -21.8783741  -10.63096476]	[ 84.38423157  85.88444901  99.64365768  96.83798218]
TILE_0024	2000	2499	1000	1499	[ -0.02061511 -10.37815285 -10.58768892  -0.02101378]	[ 83.9474678   84.38063431  96.83140564  96.04462814]
TILE_0025	2500	2999	1000	1499	[ 10.37815285   0.02061511   0.02101378  10.58768892]	[ 84.38063431  83.9474678   96.04462814  96.83140564]
TILE_0026	3000	3499	1000	1499	[ 21.37957382  10.42050123  10.63096476  21.8783741 ]	[ 85.88444901  84.38423157  96.83798218  99.64365768]
TILE_0027	3500	3999	1000	1499	[ 33.9510994   21.42584133  21.92615032  35.06469345]	[  89.42135239   85.89344025   99.66087341  106.95578384]
TILE_0028	4000	4499	1000	1499	[ 50.95992851  34.00689316  35.12469101          nan]	[ 100.569767     89.44300079  107.00468445           nan]
TILE_0029	4500	4999	1000	1499	[        nan  51.0498085         nan         nan]	[          nan  100.66682053           nan           nan]
TILE_0030	0	499	1500	1999	[-49.54452515          nan          nan -51.03999329]	[  79.8616333            nan           nan  100.56312561]
TILE_0031	500	999	1500	1999	[-33.48055077 -49.46448135 -50.95021057 -34.0038681 ]	[  75.62653351   79.83006668  100.46669006   89.3829155 ]
TILE_0032	1000	1499	1500	1999	[-21.16823578 -33.42638588 -33.9480896  -21.42439651]	[ 74.08288193  75.61736679  89.3613472   85.84337616]
TILE_0033	1500	1999	1500	1999	[-10.309062   -21.12269878 -21.37813377 -10.41988039]	[ 73.40395355  74.07886887  85.83441544  84.33810806]
TILE_0034	2000	2499	1500	1999	[ -0.02040218 -10.26719904 -10.37753582  -0.02061363]	[ 73.20523071  73.40232086  84.33451843  83.90245438]
TILE_0035	2500	2999	1500	1999	[ 10.26719904   0.02040218   0.02061363  10.37753582]	[ 73.40232086  73.20523071  83.90245438  84.33451843]
TILE_0036	3000	3499	1500	1999	[ 21.12269878  10.309062    10.41988039  21.37813377]	[ 74.07886887  73.40395355  84.33810806  85.83441544]
TILE_0037	3500	3999	1500	1999	[ 33.42638588  21.16823578  21.42439651  33.9480896 ]	[ 75.61736679  74.08288193  85.84337616  89.3613472 ]
TILE_0038	4000	4499	1500	1999	[ 49.46448135  33.48055077  34.0038681   50.95021057]	[  79.83006668   75.62653351   89.3829155   100.46669006]
TILE_0039	4500	4999	1500	1999	[         nan  49.54452515  51.03999329          nan]	[          nan   79.8616333   100.56312561           nan]
TILE_0040	0	499	2000	2499	[-49.14119148          nan          nan -49.54116249]	[ 63.03271484          nan          nan  79.79027176]
TILE_0041	500	999	2000	2499	[-33.32027054 -49.06322479 -49.46113968 -33.47924614]	[ 63.02485466  63.03264618  79.75889587  75.57468033]
TILE_0042	1000	1499	2000	2499	[-21.0876236  -33.26656914 -33.42508507 -21.16758251]	[ 63.02189636  63.02483177  75.5655632   74.0377121 ]
TILE_0043	1500	1999	2000	2499	[-10.27384472 -21.04230976 -21.12204933 -10.30877781]	[ 63.02058411  63.02188683  74.03372574  73.36167908]
TILE_0044	2000	2499	2000	2499	[ -0.02033467 -10.23213387 -10.2669158   -0.0204015 ]	[ 63.02019691  63.02058029  73.36005402  73.16379547]
TILE_0045	2500	2999	2000	2499	[ 10.23213387   0.02033467   0.0204015   10.2669158 ]	[ 63.02058029  63.02019691  73.16379547  73.36005402]
TILE_0046	3000	3499	2000	2499	[ 21.04230976  10.27384472  10.30877781  21.12204933]	[ 63.02188683  63.02058411  73.36167908  74.03372574]
TILE_0047	3500	3999	2000	2499	[ 33.26656914  21.0876236   21.16758251  33.42508507]	[ 63.02483177  63.02189636  74.0377121   75.5655632 ]
TILE_0048	4000	4499	2000	2499	[ 49.06322479  33.32027054  33.47924614  49.46113968]	[ 63.03264618  63.02485466  75.57468033  79.75889587]
TILE_0049	4500	4999	2000	2499	[         nan  49.14119148  49.54116249          nan]	[         nan  63.03271484  79.79027176          nan]
TILE_0050	0	499	2500	2999	[-49.54116249          nan          nan -49.14119148]	[ 46.20973206          nan          nan  62.96728516]
TILE_0051	500	999	2500	2999	[-33.47924614 -49.46113968 -49.06322479 -33.32027054]	[ 50.42531776  46.24110222  62.96735382  62.97514534]
TILE_0052	1000	1499	2500	2999	[-21.16758251 -33.42508507 -33.26656914 -21.0876236 ]	[ 51.962286    50.43443489  62.97516823  62.97810364]
TILE_0053	1500	1999	2500	2999	[-10.30877781 -21.12204933 -21.04230976 -10.27384472]	[ 52.63832092  51.96627235  62.97811317  62.97941589]
TILE_0054	2000	2499	2500	2999	[ -0.0204015  -10.2669158  -10.23213387  -0.02033467]	[ 52.83620453  52.63994598  62.97941971  62.97980309]
TILE_0055	2500	2999	2500	2999	[ 10.2669158    0.0204015    0.02033467  10.23213387]	[ 52.63994598  52.83620453  62.97980309  62.97941971]
TILE_0056	3000	3499	2500	2999	[ 21.12204933  10.30877781  10.27384472  21.04230976]	[ 51.96627235  52.63832092  62.97941589  62.97811317]
TILE_0057	3500	3999	2500	2999	[ 33.42508507  21.16758251  21.0876236   33.26656914]	[ 50.43443489  51.962286    62.97810364  62.97516823]
TILE_0058	4000	4499	2500	2999	[ 49.46113968  33.47924614  33.32027054  49.06322479]	[ 46.24110222  50.42531776  62.97514534  62.96735382]
TILE_0059	4500	4999	2500	2999	[         nan  49.54116249  49.14119148          nan]	[         nan  46.20973206  62.96728516          nan]
TILE_0060	0	499	3000	3499	[-51.03999329          nan          nan -49.54452515]	[ 25.4368763           nan          nan  46.13836861]
TILE_0061	500	999	3000	3499	[-34.0038681  -50.95021057 -49.46448135 -33.48055077]	[ 36.6170845   25.53330994  46.16993141  50.37346649]
TILE_0062	1000	1499	3000	3499	[-21.42439651 -33.9480896  -33.42638588 -21.16823578]	[ 40.15662575  36.63865089  50.38263512  51.91712189]
TILE_0063	1500	1999	3000	3499	[-10.41988039 -21.37813377 -21.12269878 -10.309062  ]	[ 41.66189194  40.16558266  51.92112732  52.59604645]
TILE_0064	2000	2499	3000	3499	[ -0.02061363 -10.37753582 -10.26719904  -0.02040218]	[ 42.09754562  41.66547966  52.59768105  52.79476929]
TILE_0065	2500	2999	3000	3499	[ 10.37753582   0.02061363   0.02040218  10.26719904]	[ 41.66547966  42.09754562  52.79476929  52.59768105]
TILE_0066	3000	3499	3000	3499	[ 21.37813377  10.41988039  10.309062    21.12269878]	[ 40.16558266  41.66189194  52.59604645  51.92112732]
TILE_0067	3500	3999	3000	3499	[ 33.9480896   21.42439651  21.16823578  33.42638588]	[ 36.63865089  40.15662575  51.91712189  50.38263512]
TILE_0068	4000	4499	3000	3499	[ 50.95021057  34.0038681   33.48055077  49.46448135]	[ 25.53330994  36.6170845   50.37346649  46.16993141]
TILE_0069	4500	4999	3000	3499	[         nan  51.03999329  49.54452515          nan]	[         nan  25.4368763   46.13836861          nan]
TILE_0070	0	499	3500	3999	[        nan         nan         nan -51.0498085]	[         nan          nan          nan  25.33317947]
TILE_0071	500	999	3500	3999	[-35.12469101          nan -50.95992851 -34.00689316]	[ 18.9953146         nan  25.430233   36.5569973]
TILE_0072	1000	1499	3500	3999	[-21.92615032 -35.06469345 -33.9510994  -21.42584133]	[ 26.33912277  19.04421902  36.57864571  40.10656166]
TILE_0073	1500	1999	3500	3999	[-10.63096476 -21.8783741  -21.37957382 -10.42050123]	[ 29.16202068  26.35634232  40.11555099  41.61576843]
TILE_0074	2000	2499	3500	3999	[ -0.02101378 -10.58768892 -10.37815285  -0.02061511]	[ 29.95537281  29.16859436  41.6193676   42.05253029]
TILE_0075	2500	2999	3500	3999	[ 10.58768892   0.02101378   0.02061511  10.37815285]	[ 29.16859436  29.95537281  42.05253029  41.6193676 ]
TILE_0076	3000	3499	3500	3999	[ 21.8783741   10.63096476  10.42050123  21.37957382]	[ 26.35634232  29.16202068  41.61576843  40.11555099]
TILE_0077	3500	3999	3500	3999	[ 35.06469345  21.92615032  21.42584133  33.9510994 ]	[ 19.04421902  26.33912277  40.10656166  36.57864571]
TILE_0078	4000	4499	3500	3999	[         nan  35.12469101  34.00689316  50.95992851]	[        nan  18.9953146  36.5569973  25.430233 ]
TILE_0079	4500	4999	3500	3999	[        nan         nan  51.0498085         nan]	[         nan          nan  25.33317947          nan]
TILE_0081	500	999	4000	4499	[         nan          nan          nan -35.13127518]	[         nan          nan          nan  18.90808487]
TILE_0082	1000	1499	4000	4499	[-22.95700169          nan -35.07124138 -21.92885876]	[  6.18226814          nan  18.95723724  26.27653408]
TILE_0083	1500	1999	4000	4499	[-11.02182007 -22.90531063 -21.881073   -10.63207865]	[ 12.67542791   6.22680211  26.2938118   29.10678196]
TILE_0084	2000	2499	4000	4499	[ -0.02173815 -10.97674465 -10.58879662  -0.0210164 ]	[ 14.2893815   12.68909264  29.11337566  29.90204811]
TILE_0085	2500	2999	4000	4499	[ 10.97674465   0.02173815   0.0210164   10.58879662]	[ 12.68909264  14.2893815   29.90204811  29.11337566]
TILE_0086	3000	3499	4000	4499	[ 22.90531063  11.02182007  10.63207865  21.881073  ]	[  6.22680211  12.67542791  29.10678196  26.2938118 ]
TILE_0087	3500	3999	4000	4499	[         nan  22.95700169  21.92885876  35.07124138]	[         nan   6.18226814  26.27653408  18.95723724]
TILE_0088	4000	4499	4000	4499	[         nan          nan  35.13127518          nan]	[         nan          nan  18.90808487          nan]
TILE_0092	1000	1499	4500	4999	[         nan          nan          nan -22.96368217]	[        nan         nan         nan  6.06639934]
TILE_0093	1500	1999	4500	4999	[         nan          nan -22.91195011 -11.0240531 ]	[         nan          nan   6.11129093  12.59225035]
TILE_0094	2000	2499	4500	4999	[         nan          nan -10.97896433  -0.02174321]	[         nan          nan  12.6059823   14.21224594]
TILE_0095	2500	2999	4500	4999	[         nan          nan   0.02174321  10.97896433]	[         nan          nan  14.21224594  12.6059823 ]
TILE_0096	3000	3499	4500	4999	[         nan          nan  11.0240531   22.91195011]	[         nan          nan  12.59225035   6.11129093]
TILE_0097	3500	3999	4500	4999	[         nan          nan  22.96368217          nan]	[        nan         nan  6.06639934         nan]
